                                                                                                                                                                                                                
                                                                                                                                                                                                                
                                                                                                                                                                                                      o         
                                                                                                                                                                                                      4         
                                                                                g g                                                                                                                   4         
                      3                                                         22222222   2223              P           222    2332                                                        99        4         
                                                                                                                                                                                           999        4         
                                                                                                                                                                                          9999        4         
                                                                h                                                                                                                        99999        4         
                3   2P232                     65         65                  2P2              b     2S    3  3  3     2          22      9  9          99  9            2232            999999        4         
                                      65      78         78                                                                             99  99        999  99                          9999999        4         
                            65        78      78         78                                                                            999  999      9999  999     65              65 99999999        4   22 22 
                      g     78        78g     78   g g   78                                      g g       t       g g      g g g g   9999  9999    99999  9999    78         g g  78999999999        9   22 22 
111111111111111111111111111111111111111111111111111111111111111111111  111111111111111   1111111111111111111111111111111111111111111111111111111111111111  11111111111111111111111111111111111111111111111111111
111111111111111111111111111111111111111111111111111111111111111111111  111111111111111   1111111111111111111111111111111111111111111111111111111111111111  11111111111111111111111111111111111111111111111111111
