                                                                                                
                                                                                                
                                                                                                
                                                                                                
                                                                                                
  111 111 1   1   1   1     1   111 1   1 111 1           99                   
  2    2  21  2  1 1  2     2   2   2   2 2   2          999                   
  21   2  2 1 2 1 t 1 2     2   211 2   2 211 2         9g 9                   
  2    2  2  12 21112 2     2   2    2 2  2   2        99999                   
  2   121 2   2 2   2 211   211 211   2   211 211     9g   9                   
                                                     9999999                   
                                                    9g     9        F   22 22  
                                                   999999999        9   22 22  
000000000000000000000000000000000000000000000000000000000000000000000000000000000000000000
000000000000000000000000000000000000000000000000000000000000000000000000000000000000000000
